              precision    recall  f1-score   support

           0       1.00      1.00      1.00        17
           1       0.92      0.82      0.87        28
           2       0.47      0.44      0.45        16
           3       0.45      0.62      0.53        16
           4       0.55      0.61      0.58        28
           5       0.73      0.55      0.63        20
           6       0.84      0.80      0.82        20
           7       0.83      0.79      0.81        24
           8       0.47      0.80      0.59        10
           9       0.44      0.33      0.38        21

    accuracy                           0.68       200
   macro avg       0.67      0.68      0.67       200
weighted avg       0.69      0.68      0.68       200
